911.739014 122.812950 0 
716.178223 750.554504 1 
687.199646 816.415222 1 
729.998596 643.395813 3 
531.354919 775.401001 2 
424.326141 253.006729 5 
366.711609 277.818665 5 
271.936462 152.918320 7 
124.064537 928.696106 4 
130.882828 412.239746 6 
682.122925 783.216248 1 
105.266869 189.612488 7 
671.206238 951.005066 1 
957.790283 116.570320 0 
750.273682 216.561722 0 
680.288208 663.012756 3 
339.374664 397.466400 6 
414.567291 27.574356 5 
214.881622 145.565857 7 
670.970215 746.236572 1 
920.966858 96.296349 0 
0.243269 288.678467 7 
374.114990 272.179718 5 
441.596802 498.179565 6 
201.875854 572.479614 6 
910.419312 883.998779 1 
356.695892 16.686169 5 
74.611221 28.902113 7 
967.691223 33.401558 0 
145.472427 718.964966 4 
249.963287 825.760620 4 
382.977722 589.337952 6 
224.227020 797.544983 4 
616.912292 439.108612 3 
943.110840 288.882507 0 
186.345154 865.077637 4 
385.178864 186.588440 5 
154.756165 759.293884 4 
458.768158 596.352905 2 
258.473419 660.643982 6 
169.832550 169.892700 7 
545.642761 526.528442 3 
186.578873 620.253967 6 
555.430542 155.270111 5 
653.655518 700.903015 2 
874.235046 903.618774 1 
527.663635 258.212769 5 
493.956757 751.890625 2 
56.757732 111.869057 7 
191.999268 0.868565 7 
400.751556 378.344421 6 
865.946228 785.930420 1 
564.932861 21.702415 5 
546.224304 24.701010 5 
618.055359 804.697693 2 
685.345032 787.887878 1 
974.590393 231.987747 0 
315.416321 162.169281 7 
852.241699 870.846863 1 
317.439392 506.897217 6 
572.749878 192.674469 5 
411.516052 101.413483 5 
450.887207 905.472778 2 
853.304138 507.644989 3 
18.341829 46.303364 7 
508.513519 419.093384 3 
424.647766 375.459778 5 
206.023819 989.580627 4 
397.162201 752.248108 2 
15.281651 16.217560 7 
557.945801 700.626648 2 
804.105469 533.536194 3 
932.614441 120.521805 0 
695.705505 785.856140 1 
991.368713 14.144869 0 
293.753326 565.118591 6 
206.819336 705.269348 4 
666.532043 657.706604 3 
611.742188 520.836121 3 
166.351532 630.083984 6 
567.139465 674.865112 2 
50.177368 991.787292 4 
51.324848 256.201172 7 
982.367920 448.487061 3 
9.449276 997.649597 4 
464.704620 567.395020 2 
699.276245 269.810059 0 
101.931252 632.890625 6 
390.331879 797.636719 2 
419.746765 382.700562 6 
811.781555 713.500122 1 
947.819153 19.600931 0 
419.769501 615.351135 2 
677.307495 32.511631 0 
137.187286 843.658997 4 
662.595581 704.326782 2 
519.524109 712.773010 2 
697.114075 570.848938 3 
968.974182 680.482056 1 
20.335983 978.423462 4 
679.131531 485.040588 3 
546.818481 379.407806 3 
754.850708 648.749756 3 
13.298465 146.182571 7 
447.386475 433.045227 6 
528.883179 260.168091 5 
147.545349 477.702271 6 
279.769012 567.314819 6 
94.053413 957.076538 4 
599.826477 231.240707 5 
801.735535 263.422089 0 
935.567505 322.259613 0 
976.195007 633.681580 1 
893.108582 946.169189 1 
315.163605 913.444580 4 
925.592651 994.295166 1 
399.485107 473.411163 6 
374.702972 155.335800 5 
123.160919 388.001434 6 
301.518372 570.547424 6 
821.046692 830.401489 1 
830.715454 968.592041 1 
309.103760 111.484520 7 
536.906860 403.157166 3 
69.561028 137.733292 7 
634.397888 871.296570 2 
401.155365 570.965332 6 
194.556183 378.350403 6 
205.646973 88.664726 7 
325.519623 520.810547 6 
3.109249 252.112274 7 
516.105713 402.594391 3 
725.523438 890.808716 1 
557.930176 848.684387 2 
279.810120 859.448547 4 
420.231781 101.856781 5 
690.850098 251.947266 0 
71.448784 0.953825 7 
363.431824 608.355591 6 
404.110992 432.992828 6 
746.088928 39.508888 0 
305.289398 148.244263 7 
610.474243 499.845612 3 
526.594666 816.121216 2 
588.510315 852.114319 2 
337.931793 591.619507 6 
105.226593 854.037476 4 
994.213867 830.750000 1 
745.846191 553.144104 3 
680.434387 26.656273 0 
413.592682 101.666191 5 
128.513046 105.442719 7 
353.613464 199.961838 5 
106.396553 717.045227 4 
808.317505 510.507568 3 
151.038086 555.406372 6 
550.016479 456.327484 3 
703.650635 161.490723 0 
956.173035 231.245331 0 
977.611938 545.683350 3 
84.359650 316.543762 7 
138.302902 189.586243 7 
171.581238 133.516815 7 
21.336283 917.427429 4 
686.660889 701.770691 1 
944.083679 101.253578 0 
803.436890 73.596733 0 
206.696304 158.050339 7 
273.558563 313.092865 6 
875.095642 82.876022 0 
823.600403 27.133715 0 
638.282410 374.616852 3 
483.461212 342.933044 5 
536.107605 440.634277 3 
574.178345 514.719543 3 
986.317627 658.538025 1 
831.263306 125.620522 0 
848.124329 3.844525 0 
259.137329 869.460510 4 
921.271912 945.798218 1 
572.231201 866.355652 2 
48.051838 376.668121 6 
939.952332 254.748154 0 
534.718445 214.510910 5 
567.841003 410.814087 3 
297.386932 392.441406 6 
437.947784 935.669312 2 
767.058228 921.408997 1 
279.602356 304.165802 7 
363.043274 853.780701 2 
818.885376 350.360901 3 
513.318787 651.148682 2 
475.981445 362.443054 5 
654.993164 735.118774 2 
232.903610 577.265137 6 
681.916992 805.134888 1 
444.620697 729.968811 2 
182.802979 385.572998 6 
984.716980 717.521423 1 
600.083923 553.557983 3 
129.335526 897.470825 4 
945.999390 567.283325 3 
834.140137 714.057617 1 
489.692322 114.742538 5 
19.223446 852.735596 4 
968.523315 838.108765 1 
204.096497 482.842072 6 
490.257416 680.077881 2 
845.285156 146.250565 0 
416.196655 79.188736 5 
723.515625 99.113686 0 
884.323547 169.136337 0 
829.082581 68.126549 0 
554.709351 814.799561 2 
785.647949 155.793274 0 
369.357513 914.983521 2 
54.264126 316.356934 7 
483.266815 888.404297 2 
31.414560 972.959106 4 
4.146840 50.638008 7 
826.694702 972.670166 1 
888.746826 31.791189 0 
456.512207 380.004211 5 
711.869141 302.797333 3 
526.254761 129.065765 5 
381.986084 250.770416 5 
228.179459 267.309662 7 
419.906738 58.262001 5 
335.436218 974.616150 4 
873.061523 122.084206 0 
131.409378 243.419083 7 
38.067707 185.673508 7 
559.776001 521.334534 3 
75.077812 591.190552 6 
495.293640 79.224648 5 
641.828613 322.988342 3 
52.894783 531.575378 6 
354.779541 509.406982 6 
911.579590 67.648636 0 
812.204346 438.834351 3 
196.714401 195.190399 7 
689.604797 424.893860 3 
462.500061 110.511536 5 
483.155884 797.936279 2 
86.127640 357.217438 6 
920.020447 217.537033 0 
600.636475 958.088196 2 
403.210541 161.412521 5 
480.422729 478.288361 3 
752.603088 975.716370 1 
557.513000 395.431671 3 
299.704681 610.407776 6 
927.007080 654.484253 1 
120.814774 839.586670 4 
722.132874 933.019104 1 
279.420990 918.847229 4 
129.209503 969.025818 4 
344.741119 591.709534 6 
80.537338 827.896973 4 
390.645874 166.664993 5 
186.114410 311.666321 7 
384.202026 786.750916 2 
270.754517 787.412537 4 
948.163452 751.177246 1 
266.700897 701.766541 4 
727.893555 824.213928 1 
98.198189 28.598282 7 
435.621674 26.205244 5 
683.082520 556.436401 3 
865.791931 406.215393 3 
490.455566 146.212906 5 
326.062683 619.665039 6 
116.238701 670.803833 4 
212.374634 196.776031 7 
499.700775 603.020508 2 
363.441010 685.815247 2 
914.686829 747.643066 1 
473.566101 186.441360 5 
536.055603 422.729523 3 
937.618591 802.756531 1 
125.496056 666.512146 4 
627.970398 223.694244 5 
695.110474 64.592087 0 
249.899490 379.192963 6 
621.028564 116.691383 5 
785.408386 112.484100 0 
262.904266 112.471046 7 
732.149170 379.142975 3 
783.274841 944.523804 1 
575.919006 283.975647 5 
548.544250 939.360046 2 
969.790894 464.231110 3 
688.003052 444.356995 3 
650.672485 225.058655 5 
867.086548 589.291077 3 
28.815147 992.582581 4 
256.803223 656.785522 6 
217.276840 951.913696 4 
721.377625 467.176331 3 
332.106659 343.406189 6 
583.867676 118.515030 5 
455.890289 846.771973 2 
230.986084 189.039459 7 
226.914963 15.260929 7 
134.563248 802.833984 4 
299.236572 683.107544 6 
743.194031 270.027466 0 
148.338669 432.197083 6 
714.384460 799.011108 1 
657.255737 582.471008 3 
389.302185 686.070862 2 
576.053589 646.105408 2 
343.856415 793.330444 2 
599.019104 66.234055 5 
261.506744 931.125793 4 
409.640259 845.374451 2 
50.640827 865.530518 4 
693.146484 281.626892 0 
55.569969 920.061462 4 
296.887848 190.133224 7 
723.895447 596.124451 3 
873.240784 468.089417 3 
866.151855 22.579439 0 
900.286499 581.536316 3 
821.590576 558.542175 3 
165.007324 211.892776 7 
245.613068 741.060974 4 
857.998230 589.469482 3 
535.391357 458.017365 3 
655.703552 796.898132 2 
390.143158 66.343781 5 
643.272583 440.783966 3 
931.874268 337.419067 0 
722.410889 987.444275 1 
258.480499 20.298717 7 
178.577499 982.375916 4 
616.423096 52.818264 5 
451.465302 483.575043 6 
75.397705 352.751770 6 
66.111359 896.988281 4 
911.294006 231.118698 0 
109.881065 157.907074 7 
972.179626 967.879333 1 
747.376526 508.570984 3 
426.896637 404.080078 6 
306.469086 817.039795 4 
470.423859 949.741638 2 
258.823761 403.298157 6 
288.160706 981.234680 4 
391.742432 546.641235 6 
2.533381 570.319946 6 
530.017090 618.956543 2 
623.138184 981.482361 2 
103.531540 698.535889 4 
335.234192 169.642914 5 
596.524170 247.528198 5 
400.761597 706.405273 2 
405.435272 373.941223 6 
675.284607 153.811813 0 
882.512207 103.181206 0 
557.891907 189.981277 5 
920.221008 29.315794 0 
140.722946 180.044785 7 
432.613983 428.883667 6 
162.279449 824.356445 4 
975.524841 164.812836 0 
395.676331 506.541901 6 
783.769348 19.814566 0 
489.024323 887.300903 2 
718.350464 824.258545 1 
57.943810 315.874664 7 
72.786743 458.705414 6 
23.279924 478.222015 6 
832.646667 698.564514 1 
632.033875 716.158875 2 
801.745667 190.925766 0 
906.140076 722.966675 1 
220.241562 47.863064 7 
903.011475 652.855530 1 
476.746704 66.290939 5 
478.211945 453.271576 3 
231.103775 873.888306 4 
959.813538 15.873130 0 
893.702881 449.837860 3 
903.174072 613.053345 1 
275.096405 961.117859 4 
928.927979 347.883148 0 
420.823273 952.207886 2 
826.105164 254.469894 0 
651.772400 459.139008 3 
970.628723 454.518097 3 
650.064758 877.768860 2 
178.484802 870.306335 4 
925.631958 82.496284 0 
524.161804 403.378632 3 
148.787216 3.373792 7 
856.650208 379.890991 3 
877.262085 817.463745 1 
395.764130 771.964966 2 
268.301605 299.938171 7 
386.018280 543.398010 6 
262.056000 315.946320 6 
891.281189 682.879272 1 
269.154205 718.386292 4 
937.349121 920.926636 1 
178.525330 908.977905 4 
376.444733 828.590149 2 
787.746765 554.929504 3 
699.896423 714.378662 1 
637.425781 225.058273 5 
118.757301 786.213013 4 
228.432068 975.407532 4 
167.104019 106.694168 7 
793.871277 562.868103 3 
878.659119 63.172852 0 
862.806335 265.677399 0 
606.570862 125.862305 5 
581.623657 498.852020 3 
808.741577 850.777954 1 
218.238358 747.090698 4 
772.704529 396.763702 3 
657.068604 150.149292 5 
226.353821 445.815338 6 
705.078796 926.250244 1 
161.194000 343.504578 6 
152.308533 279.951294 7 
130.717621 380.740601 6 
256.358826 297.821625 7 
487.434784 51.230076 5 
860.689819 367.093903 3 
114.402931 724.496094 4 
632.771301 720.973816 2 
850.358398 215.395035 0 
220.825836 660.099915 6 
67.172966 439.064209 6 
408.190643 839.877563 2 
835.827881 66.259247 0 
990.026794 63.181725 0 
512.074585 696.105652 2 
989.431946 673.268616 1 
40.610229 142.740509 7 
953.219910 171.327850 0 
523.481140 210.578735 5 
469.149506 11.915879 5 
261.808838 330.839264 6 
379.009766 376.211761 6 
56.335365 12.781096 7 
98.185555 906.693726 4 
228.176132 319.011383 6 
567.793701 295.349091 5 
758.075562 975.984375 1 
136.226639 594.903503 6 
43.243595 127.253464 7 
658.085205 555.318176 3 
823.359131 648.517151 1 
229.586792 863.969299 4 
791.257629 183.806732 0 
36.297180 315.738800 7 
394.385468 505.446655 6 
327.654663 656.194275 6 
836.285950 706.664429 1 
33.406036 892.621277 4 
719.445557 131.591599 0 
800.315063 947.621704 1 
450.602997 369.108734 5 
243.970764 209.678558 7 
346.093109 380.197418 6 
804.582031 389.336700 3 
507.450867 463.667267 3 
944.654907 331.809937 0 
113.184433 175.241699 7 
196.779282 904.442139 4 
359.048401 233.076462 5 
221.180893 753.433899 4 
738.523132 548.835571 3 
410.628174 575.809082 6 
256.500000 444.034210 6 
469.430420 975.945557 2 
575.625793 270.745453 5 
924.567200 27.228765 0 
639.854187 169.537964 5 
236.907318 985.947327 4 
549.735352 42.489365 5 
376.284058 58.186226 5 
506.156586 321.938934 5 
389.996185 619.341064 2 
497.180634 586.775452 2 
524.783203 856.229065 2 
819.851929 745.964050 1 
610.662903 559.375061 3 
295.799591 22.291084 7 
136.184158 552.299622 6 
466.325287 605.614563 2 
529.245117 42.951080 5 
876.360046 454.812347 3 
70.179840 517.214233 6 
624.350281 307.087158 5 
504.161591 175.085663 5 
349.576508 880.445618 2 
233.271881 855.733154 4 
203.384552 623.268066 6 
476.074219 700.565186 2 
211.043518 1.857348 7 
557.794250 31.895447 5 
747.821411 169.457138 0 
591.270508 44.621002 5 
191.748215 727.454651 4 
596.920654 658.073486 2 
334.069214 127.165741 5 
701.024597 211.429230 0 
581.978088 771.204407 2 
728.643494 207.328354 0 
79.291588 233.805069 7 
382.414032 428.868134 6 
115.250694 615.685913 6 
285.601257 318.635254 6 
239.953964 761.675415 4 
20.200436 450.997467 6 
763.532837 577.994629 3 
482.892914 512.354248 3 
747.451782 75.163429 0 
556.975220 939.200012 2 
802.618103 154.895828 0 
598.273499 137.687271 5 
282.061554 300.298096 7 
349.116486 864.039612 2 
72.502502 78.759972 7 
72.367989 151.794098 7 
312.565033 454.782013 6 
580.662231 427.815765 3 
71.467911 866.263489 4 
746.450989 311.421875 0 
628.938965 766.651428 2 
762.419312 393.471741 3 
345.646057 246.312271 5 
905.825928 94.097855 0 
321.475677 463.801178 6 
34.297848 125.093765 7 
618.696960 632.571289 3 
262.781036 900.758545 4 
932.869385 611.897583 1 
765.798157 6.371911 0 
690.657532 838.166138 1 
158.166000 4.222550 7 
293.948181 738.828186 4 
432.038300 365.416077 5 
606.091675 179.489273 5 
676.837952 236.030624 0 
946.140747 440.257263 3 
629.502380 292.786804 5 
686.569580 536.328308 3 
386.884644 9.045238 5 
1.129489 421.182495 6 
134.139023 619.826477 6 
54.753838 396.920074 6 
521.585022 987.623291 2 
9.817612 288.383148 7 
993.995178 700.475098 1 
127.549316 153.161163 7 
704.697693 421.497498 3 
891.989380 137.735962 0 
786.913574 499.081085 3 
317.225250 464.751465 6 
735.111694 264.365967 0 
905.008728 365.614075 0 
557.152771 592.578308 3 
901.942444 944.037354 1 
601.623535 903.071899 2 
366.219879 735.762573 2 
523.898315 420.973724 3 
133.682602 46.483360 7 
409.596954 143.500229 5 
334.866516 404.592133 6 
843.975342 462.415833 3 
557.753296 549.673035 3 
883.913330 450.742676 3 
687.408936 671.826843 3 
949.823730 5.634226 0 
137.578339 685.935486 4 
270.000183 43.587097 7 
52.549530 827.152954 4 
636.165405 954.491943 2 
772.190308 238.788925 0 
858.563843 139.410217 0 
974.551453 383.462189 0 
560.383972 109.234070 5 
429.945557 969.980896 2 
252.734314 764.812073 4 
375.573059 97.709648 5 
228.227921 933.326355 4 
647.382690 113.141228 5 
385.069031 335.791656 5 
784.968079 335.892761 3 
341.425873 922.546448 2 
22.828222 611.426025 6 
966.133545 75.377754 0 
439.578979 603.298889 2 
30.869690 212.769318 7 
842.087830 889.433533 1 
352.179535 817.639343 2 
273.895721 912.563477 4 
926.873413 703.841309 1 
883.544373 180.607666 0 
469.653381 260.117432 5 
278.317322 697.881287 4 
194.443802 925.700012 4 
811.022522 579.512817 3 
262.491638 596.990601 6 
915.405640 603.917542 1 
520.537048 938.233887 2 
216.343567 487.670532 6 
14.611591 655.922546 4 
91.969452 45.481281 7 
868.691895 934.057251 1 
934.914856 221.871384 0 
752.696594 209.810532 0 
135.434860 680.569946 4 
913.651855 19.979261 0 
861.177673 384.305206 3 
280.096710 140.494949 7 
83.186501 474.540527 6 
67.194923 894.208984 4 
55.053375 329.686554 7 
492.199585 970.458984 2 
933.604065 13.736637 0 
909.692871 150.947632 0 
501.407166 924.304443 2 
806.870178 593.376648 3 
969.785706 676.562073 1 
528.433960 905.700562 2 
898.433411 282.130493 0 
116.511055 34.868301 7 
962.700439 31.162893 0 
54.847561 824.878113 4 
415.468109 334.944275 5 
965.372986 498.654602 3 
809.484802 33.567951 0 
393.863617 864.538208 2 
363.254517 886.063232 2 
835.997192 297.858582 0 
899.799866 746.690063 1 
448.806213 402.207031 5 
671.994446 256.676392 0 
995.583679 642.780151 1 
933.238464 525.017639 3 
549.480652 832.671875 2 
807.148071 665.991760 1 
867.540161 770.848511 1 
697.154663 922.387756 1 
596.726624 113.622726 5 
258.332031 563.099670 6 
612.277283 68.816833 5 
596.667603 7.140929 5 
933.355042 959.922119 1 
893.204102 770.352234 1 
258.780701 794.003967 4 
518.042236 707.586914 2 
197.211044 191.036667 7 
964.263306 193.794708 0 
833.816833 898.501709 1 
718.812317 384.297485 3 
732.173584 526.960388 3 
51.289223 600.713806 6 
298.808960 748.443909 4 
524.101562 895.535583 2 
862.066589 782.433533 1 
459.635254 475.343903 6 
851.250427 57.302853 0 
482.484833 785.605469 2 
18.224972 376.688965 6 
556.957642 277.005676 5 
171.692993 75.999863 7 
984.592590 368.904022 0 
267.036530 949.855896 4 
562.698730 101.853348 5 
849.357605 282.511047 0 
486.150848 582.531250 2 
809.471497 537.440063 3 
184.245056 109.280411 7 
286.883911 708.346619 4 
5.815997 149.950500 7 
491.780182 465.451263 3 
625.294373 344.030579 3 
522.754150 108.779236 5 
130.636032 540.979065 6 
485.468201 687.593689 2 
817.984741 657.161194 1 
763.593567 803.577271 1 
27.065222 31.630075 7 
754.433228 589.763977 3 
133.483429 604.790833 6 
872.275024 619.634277 1 
188.322052 682.746460 4 
158.074341 372.567139 6 
792.026855 444.958252 3 
81.913719 797.842834 4 
594.908691 573.693909 3 
264.294128 221.203156 7 
917.724487 787.048157 1 
329.982391 49.360531 7 
329.027283 815.450623 2 
736.954163 148.011993 0 
473.611816 501.547760 6 
951.589294 500.677032 3 
533.177856 707.022522 2 
91.440979 666.661255 4 
312.813324 963.716003 4 
287.295532 501.135406 6 
647.462463 445.369873 3 
873.702515 440.489319 3 
890.328125 955.616211 1 
239.332184 486.236847 6 
530.310181 503.626282 3 
707.440002 449.034637 3 
291.674469 38.422390 7 
498.395142 620.701721 2 
853.873047 236.349365 0 
768.713806 328.484802 3 
737.897095 721.303101 1 
829.161804 272.074921 0 
429.325562 920.602844 2 
938.736206 742.138916 1 
885.318787 227.031708 0 
244.274277 533.781189 6 
672.401611 118.976784 0 
974.270508 563.729675 3 
75.593002 214.602722 7 
50.966515 605.903137 6 
718.229004 758.406555 1 
55.937748 10.903483 7 
796.828918 554.332886 3 
631.605286 651.701904 3 
790.682251 401.318970 3 
980.186707 529.579346 3 
123.622063 810.348511 4 
801.654358 552.947632 3 
731.951355 741.390503 1 
296.086517 618.270142 6 
968.422180 540.360840 3 
153.051361 641.823792 6 
659.337585 128.321915 5 
206.553436 734.930603 4 
342.924622 257.519928 5 
341.833740 62.153633 5 
16.926474 397.771454 6 
73.057121 813.755371 4 
952.104370 704.662354 1 
466.457306 743.786621 2 
106.981346 447.643982 6 
274.365997 230.603394 7 
258.992523 77.020325 7 
783.551025 990.943848 1 
818.410828 80.637573 0 
610.213928 787.833069 2 
620.998352 763.265381 2 
430.656830 281.335999 5 
891.587219 637.210205 1 
17.266577 235.511871 7 
894.730225 359.100311 0 
297.665497 911.656677 4 
756.871765 370.722626 3 
726.412048 709.976135 1 
76.384979 193.869354 7 
454.762787 183.366318 5 
641.513367 729.128784 2 
413.969727 900.505859 2 
806.149170 198.520767 0 
892.449707 625.559937 1 
279.158356 503.663696 6 
414.392975 900.156738 2 
267.928986 845.049805 4 
182.492737 160.516220 7 
483.260071 199.759308 5 
396.028076 378.990265 6 
558.859619 693.693604 2 
291.646973 316.731384 6 
65.416222 19.059021 7 
27.707514 141.801193 7 
212.928375 482.470306 6 
325.167511 854.441711 4 
212.599106 739.137207 4 
755.947571 19.748234 0 
937.658020 649.397278 1 
645.308167 217.816345 5 
154.060928 60.701191 7 
118.973091 421.989929 6 
905.751038 301.465820 0 
582.506165 390.011078 3 
501.225128 978.534241 2 
769.001343 61.084713 0 
673.227844 61.648308 0 
377.816071 738.644104 2 
80.707329 405.523621 6 
880.445251 293.635712 0 
887.993896 206.612762 0 
149.077423 101.593002 7 
945.750000 905.025024 1 
121.341232 884.408020 4 
555.422241 766.649414 2 
103.224358 709.483215 4 
827.350647 222.197449 0 
132.473114 734.101624 4 
523.663269 714.979248 2 
125.112701 25.888376 7 
694.513489 894.114014 1 
86.973091 368.741333 6 
955.762390 464.789185 3 
108.385361 37.469696 7 
870.312744 988.830627 1 
331.105408 759.306702 2 
196.443375 480.182800 6 
860.899719 143.193375 0 
386.207825 982.240906 2 
28.601381 941.630066 4 
749.890320 131.825745 0 
652.113281 578.240906 3 
354.023193 784.586426 2 
313.342590 877.686462 4 
500.565613 438.455292 3 
903.574829 196.079117 0 
333.569336 990.547913 4 
564.820435 290.331696 5 
456.337067 673.205811 2 
327.801392 327.649872 6 
663.036377 658.906799 3 
87.956535 859.479797 4 
140.089615 948.856201 4 
3.673162 526.297424 6 
932.097107 32.274544 0 
468.927490 682.987427 2 
164.100281 122.040764 7 
262.228363 518.123474 6 
906.627136 575.570984 3 
396.809937 408.192780 6 
15.026261 301.384735 7 
604.271851 348.595612 3 
292.932648 170.092346 7 
638.927307 749.269775 2 
843.298096 966.728760 1 
77.919617 507.334564 6 
626.635498 165.876144 5 
367.814362 766.725159 2 
115.732361 371.487518 6 
294.022583 48.829468 7 
403.762054 762.950073 2 
731.816895 567.862366 3 
884.990845 994.045288 1 
86.985809 792.617981 4 
570.616272 483.795746 3 
201.810745 585.642578 6 
785.180481 806.082642 1 
934.238159 79.113136 0 
976.174927 574.165466 3 
828.382935 820.473145 1 
541.894165 906.302551 2 
328.807678 169.529709 7 
73.178673 696.622070 4 
936.254883 188.911026 0 
69.109550 231.277451 7 
237.740509 472.871613 6 
994.227539 969.557434 1 
41.733948 880.218384 4 
964.602722 128.719742 0 
673.836304 536.218994 3 
612.515503 875.647095 2 
122.861511 398.695953 6 
682.729736 58.099659 0 
477.809082 659.904663 2 
632.265137 307.191956 5 
481.377838 175.159317 5 
214.494492 810.185547 4 
344.689026 287.673157 5 
507.807556 281.943878 5 
476.584198 576.917114 2 
513.221313 714.324707 2 
50.788723 508.448853 6 
684.882080 92.522667 0 
389.667206 650.484863 2 
221.242432 64.503517 7 
187.703812 833.757935 4 
940.150574 310.565338 0 
233.453842 623.880310 6 
368.664978 711.262939 2 
284.785004 1.930115 7 
19.454920 766.162842 4 
177.089417 233.949432 7 
577.348328 521.778503 3 
521.622620 86.155899 5 
803.722351 998.206787 1 
663.072998 317.943695 3 
713.531494 713.861755 1 
826.392578 399.413635 3 
806.384399 217.059738 0 
50.898468 28.626820 7 
281.563232 238.602295 7 
862.384766 222.713837 0 
549.167603 96.838570 5 
846.594116 917.832581 1 
808.101501 132.379135 0 
919.762695 827.556458 1 
898.541931 97.852150 0 
62.505852 476.890259 6 
619.630615 584.128418 3 
563.046143 424.352966 3 
583.335266 227.119171 5 
742.296631 297.866760 0 
940.980896 569.689209 3 
697.280396 748.365356 1 
786.748901 748.178833 1 
776.992126 69.312195 0 
986.781128 640.376831 1 
292.026062 536.948792 6 
737.215393 139.620178 0 
455.781372 546.316956 6 
271.999329 376.544098 6 
374.873352 171.541260 5 
474.396271 437.379211 6 
648.431580 95.026848 5 
22.507660 212.477722 7 
519.379822 605.842896 2 
439.596924 262.676453 5 
903.709656 381.577850 3 
832.365662 601.990051 3 
130.943130 620.114624 6 
351.168884 907.935242 2 
689.426758 338.950043 3 
549.312134 981.452881 2 
875.898804 287.527557 0 
122.073013 332.680176 7 
833.844421 394.072327 3 
709.224304 209.717834 0 
565.613586 184.620514 5 
647.097046 215.045135 5 
279.647369 669.604675 6 
427.522888 799.027161 2 
276.447601 867.119751 4 
62.703636 181.157288 7 
249.697601 895.069275 4 
783.147339 380.640747 3 
516.183838 135.316254 5 
289.576019 206.610641 7 
474.266296 838.888123 2 
189.063461 351.165131 6 
127.415665 311.136475 7 
683.845337 961.260193 1 
705.208801 394.069580 3 
171.977997 271.822388 7 
578.690063 819.075073 2 
486.867554 858.337463 2 
489.679779 914.390442 2 
658.364624 766.127380 2 
782.510193 721.068298 1 
947.284729 33.207798 0 
617.137512 731.432068 2 
413.848541 134.321411 5 
866.748352 703.424561 1 
340.932068 342.014587 6 
543.312622 529.995544 3 
693.179688 670.728333 3 
841.132019 378.025024 3 
632.988464 547.340820 3 
772.094543 804.966492 1 
819.163269 351.784668 3 
625.041565 307.030792 5 
211.122116 115.721313 7 
222.421204 869.486755 4 
881.848694 5.931404 0 
591.555054 830.133423 2 
39.139202 209.692566 7 
562.565491 452.987732 3 
344.013977 430.313721 6 
157.412277 684.946045 4 
772.328369 700.724976 1 
215.941574 466.508057 6 
372.453278 58.073593 5 
844.533081 6.441775 0 
605.414429 617.627625 3 
811.408264 425.577667 3 
969.412292 437.449768 3 
732.608459 181.534424 0 
553.171082 955.029663 2 
52.021183 436.019806 6 
960.961060 643.576172 1 
267.153229 1.100259 7 
853.268738 829.718689 1 
454.088013 198.282745 5 
261.032410 611.500305 6 
883.228760 34.360737 0 
313.225220 100.170364 7 
500.868774 685.678528 2 
158.243973 346.401886 6 
692.120300 763.658386 1 
964.029480 504.528534 3 
190.236038 934.441833 4 
941.978271 922.844543 1 
116.976257 496.149445 6 
878.874146 168.997437 0 
932.169250 840.835205 1 
812.573669 200.322464 0 
841.935486 666.842407 1 
31.041138 297.023468 7 
865.125122 292.073547 0 
908.523743 749.353943 1 
326.434265 222.748932 7 
849.524353 827.303040 1 
908.427429 8.768268 0 
174.704926 601.547668 6 
772.426636 139.734436 0 
107.076225 962.662720 4 
75.176262 50.054554 7 
886.507141 192.152512 0 
546.203979 766.381348 2 
361.149963 479.373230 6 
608.216492 174.723602 5 
679.695679 451.151978 3 
841.566040 710.736877 1 
748.175476 707.691162 1 
3.810383 657.699219 4 
458.045105 330.244659 5 
880.448059 308.569427 0 
158.547729 789.875549 4 
317.337677 333.252655 6 
392.423248 90.764336 5 
472.987091 499.499451 6 
54.427021 548.163391 6 
549.554016 940.934204 2 
740.315857 96.758011 0 
708.315552 102.465836 0 
576.131226 317.532043 5 
277.189423 256.826965 7 
768.684082 119.755440 0 
967.563782 517.859497 3 
827.446594 971.374207 1 
176.558685 286.491699 7 
302.618835 58.006786 7 
595.061096 461.166565 3 
847.882324 912.398743 1 
794.419189 241.305573 0 
4.163126 268.406311 7 
740.805054 58.590149 0 
816.569641 291.359070 0 
0.524352 557.885498 6 
388.117065 708.839905 2 
660.351318 964.248352 1 
27.371939 937.540833 4 
222.075272 796.055969 4 
58.296238 190.639053 7 
314.915497 885.742859 4 
163.013245 491.474152 6 
173.234528 465.632050 6 
549.480957 768.295654 2 
926.798645 398.363281 3 
681.694397 722.217834 1 
639.668823 685.857605 2 
990.624146 381.473907 0 
744.447754 808.193787 1 
672.833008 744.972107 1 
367.079376 61.950066 5 
454.811951 28.430742 5 
27.198391 482.183899 6 
965.971558 249.273666 0 
279.239899 25.267780 7 
439.912750 594.155396 2 
911.010620 602.925964 1 
86.629562 85.245155 7 
69.558044 636.110474 6 
853.540833 996.356689 1 
35.473812 536.235229 6 
719.574524 675.142700 1 
223.092850 711.198669 4 
57.616589 967.540588 4 
520.392578 730.449524 2 
713.512695 887.471924 1 
792.399597 169.324615 0 
915.902710 819.598083 1 
651.508484 882.874207 2 
69.871696 930.748413 4 
908.142029 509.784454 3 
525.903748 820.152588 2 
113.710403 612.533325 6 
905.397766 183.268433 0 
249.643875 759.938599 4 
180.625137 285.117676 7 
297.173828 900.199646 4 
960.260376 520.266663 3 
612.398438 18.876951 5 
488.807251 133.790939 5 
749.326538 203.319916 0 
22.262878 542.726196 6 
372.644531 938.165588 2 
363.324188 25.153034 5 
822.039734 433.195892 3 
955.901428 731.181763 1 
942.980347 482.805206 3 
552.334351 57.690723 5 
96.338570 458.732117 6 
240.959167 345.982422 6 
219.670700 421.584290 6 
631.100159 516.844604 3 
322.783997 592.360474 6 
38.111252 935.182373 4 
611.237488 526.918518 3 
69.973328 361.563965 6 
730.238464 92.236206 0 
904.290100 103.882965 0 
31.401754 268.614319 7 
129.035995 853.441467 4 
701.810242 85.937424 0 
585.623291 645.790527 2 
568.742676 138.957626 5 
703.481262 665.081238 3 
597.689758 944.440430 2 
12.063663 817.360474 4 
367.024719 643.163757 2 
335.205017 689.808716 2 
236.524277 373.316254 6 
625.991089 847.761719 2 
900.234802 695.964417 1 
210.325668 631.473267 6 
788.200623 115.615799 0 
735.356201 819.602417 1 
384.230133 864.392212 2 
674.043884 87.040337 0 
950.329590 260.667175 0 
732.830872 520.072266 3 
399.624786 437.312134 6 
186.153488 997.314514 4 
382.752563 198.217148 5 
815.674988 749.777344 1 
841.380920 151.879990 0 
440.586029 78.905205 5 
525.196228 67.577103 5 
926.666870 426.431030 3 
763.541504 137.992584 0 
58.904243 552.742126 6 
253.608368 794.260437 4 
373.344513 637.838501 2 
659.652588 48.388405 5 
724.878784 610.982178 3 
309.055542 458.709717 6 
132.054474 708.680359 4 
896.021851 318.207947 0 
706.994873 279.774414 0 
516.425110 523.669800 3 
30.551722 358.806030 6 
675.549805 471.137756 3 
437.711243 201.746048 5 
538.714844 365.378174 5 
628.177063 303.256348 5 
503.370728 687.081299 2 
855.998474 756.979126 1 
482.341736 230.343002 5 
395.817627 142.994339 5 
278.731415 121.696434 7 
753.976562 587.786926 3 
580.406189 886.031006 2 
297.467316 477.427979 6 
205.238983 5.462179 7 
757.202393 721.664062 1 
529.132019 787.754150 2 
81.470123 205.681824 7 
259.891846 519.181335 6 
407.427856 798.606689 2 
884.559570 36.604939 0 
102.863060 388.930237 6 
723.686218 958.861511 1 
146.909363 207.027985 7 
190.204559 542.726990 6 
350.022339 468.935974 6 
664.423401 104.998878 5 
57.722942 245.829559 7 
991.029907 355.190277 0 
723.257507 197.268890 0 
360.652435 481.459961 6 
918.932983 889.784424 1 
270.214081 1.403107 7 
96.466270 530.105957 6 
520.584473 503.894135 3 
329.712677 406.144012 6 
540.499084 432.575714 3 
795.074280 265.185333 0 
392.437286 941.983582 2 
472.213318 582.641846 2 
485.710602 822.235657 2 
52.577785 151.134003 7 
927.234558 110.300735 0 
396.963562 919.264404 2 
465.490997 121.221092 5 
117.533302 826.143433 4 
602.681091 37.466286 5 
716.927856 872.895142 1 
38.869396 813.394165 4 
404.001129 559.453857 6 
318.288300 733.713806 2 
965.597839 858.787415 1 
167.289520 761.672119 4 
124.972702 559.726746 6 
704.655762 597.186035 3 
143.368607 191.366364 7 
420.421631 195.946381 5 
342.500366 348.656158 6 
306.247101 739.463867 4 
268.920593 771.738159 4 
860.685059 386.453888 3 
598.881592 464.366058 3 
423.920166 316.809448 5 
338.261200 462.789551 6 
131.203598 742.262329 4 
23.243437 449.491882 6 
476.976105 988.841309 2 
309.279266 644.265625 6 
751.513428 434.251953 3 
204.992386 457.169220 6 
32.437950 348.360992 7 
648.535583 452.859589 3 
544.307434 991.035889 2 
801.515808 850.554504 1 
731.499817 71.436325 0 
623.292603 593.184814 3 
457.890228 223.174164 5 
58.550892 881.810364 4 
539.983582 396.812103 3 
345.599945 671.187256 2 
140.074417 368.843384 6 
121.679085 617.050537 6 
358.684692 430.958344 6 
262.316162 111.198135 7 
865.210266 467.308563 3 
568.367371 897.648254 2 
815.669495 217.902908 0 
351.507843 360.976929 6 
209.938843 154.023575 7 
212.531418 941.438660 4 
225.459915 835.824036 4 
535.623474 683.350159 2 
59.998207 594.174438 6 
566.160522 599.981812 3 
990.986511 911.760437 1 
272.169006 132.060913 7 
281.603821 393.848114 6 
749.111450 640.288513 3 
824.806458 12.427595 0 
751.486694 691.016724 1 
479.736145 320.854004 5 
589.664917 296.405670 5 
538.756897 941.172791 2 
657.382629 748.695740 2 
96.196381 869.914062 4 
691.134460 321.656281 3 
706.738037 227.757935 0 
6.006413 766.736206 4 
821.932373 572.166931 3 
367.718079 813.918823 2 
484.927368 639.887085 2 
945.979736 766.531189 1 
34.735188 696.091187 4 
407.819733 859.541626 2 
708.518738 160.306366 0 
551.558411 189.254913 5 
481.160400 142.223328 5 
485.660614 20.917313 5 
84.396133 144.043182 7 
769.613098 180.592514 0 
14.957200 461.747528 6 
502.248840 721.695251 2 
689.505493 508.255219 3 
489.431519 512.437744 3 
81.422142 857.149597 4 
327.356598 566.349487 6 
498.036682 274.336365 5 
333.880676 532.771851 6 
970.427551 741.700378 1 
393.313507 679.946289 2 
902.006775 944.871826 1 
869.201233 384.167145 3 
88.095192 355.861816 6 
405.084503 172.491318 5 
499.905029 175.697556 5 
353.083832 514.862183 6 
637.445068 855.332642 2 
237.557465 327.950531 6 
364.587891 726.988953 2 
840.388306 446.010040 3 
585.138550 168.744949 5 
13.359529 84.175247 7 
443.081268 347.240234 5 
616.947144 414.508820 3 
89.940628 11.260611 7 
95.455139 991.947449 4 
956.132446 964.656372 1 
377.114563 45.227654 5 
321.518219 782.199097 2 
217.718979 821.423218 4 
957.896606 570.802795 3 
337.285431 596.341675 6 
427.135468 574.842957 6 
924.292236 791.723328 1 
302.831909 765.680542 4 
238.733398 887.970459 4 
934.425476 252.092926 0 
972.145752 378.506805 0 
599.333130 590.092834 3 
793.015625 689.273804 1 
601.353455 888.470764 2 
682.221130 558.485901 3 
854.127136 60.335747 0 
603.713562 176.645355 5 
842.534790 821.432495 1 
998.068604 801.431396 1 
393.235382 336.354004 5 
398.773071 820.370850 2 
911.196899 324.065308 0 
613.094177 215.028809 5 
90.745842 851.827576 4 
103.999290 26.171337 7 
104.920540 77.145020 7 
404.678131 704.253662 2 
667.237854 198.693741 5 
394.527466 269.591339 5 
88.164497 77.748634 7 
828.077209 942.291626 1 
138.084381 432.790833 6 
119.936989 980.619141 4 
255.223373 119.005554 7 
783.050537 648.458740 1 
455.359558 182.823639 5 
469.829590 367.556488 5 
506.888947 83.923813 5 
582.585327 597.634766 3 
935.751465 686.584595 1 
623.806091 41.671967 5 
763.729614 29.484240 0 
745.925659 431.967468 3 
228.177979 141.453110 7 
701.558777 316.342468 3 
219.201736 530.636047 6 
259.634125 357.286133 6 
963.426819 379.571106 0 
338.905304 219.650223 5 
498.576660 122.955864 5 
868.109009 953.936279 1 
305.779510 338.938568 6 
322.492737 812.668457 4 
422.862366 905.078064 2 
411.303223 359.613800 5 
592.662598 36.109333 5 
401.285767 357.392242 5 
65.593575 148.211426 7 
789.359741 293.771545 0 
289.664520 491.918518 6 
610.114014 508.866241 3 
23.554569 869.748169 4 
866.152405 986.981445 1 
250.319244 206.057709 7 
207.631638 748.895874 4 
329.013580 76.740601 7 
703.832153 634.793091 3 
415.679169 27.324873 5 
448.461548 838.541565 2 
932.402893 859.764771 1 
199.155319 526.065552 6 
895.874084 600.441101 3 
883.457764 961.467651 1 
748.652527 673.817505 1 
256.239227 39.317062 7 
166.736069 866.353210 4 
548.183350 190.290634 5 
737.101379 415.335754 3 
178.272064 987.420654 4 
621.393433 385.903687 3 
737.316528 950.407104 1 
462.644287 442.148682 6 
586.200134 878.323486 2 
469.473541 35.661682 5 
717.864990 402.876465 3 
895.426392 917.020264 1 
928.941956 792.300537 1 
518.461426 813.399841 2 
754.768188 268.113922 0 
488.217346 12.007368 5 
307.430969 654.953430 6 
878.360596 855.614380 1 
845.244019 616.461975 3 
271.950073 24.516090 7 
604.882568 893.343567 2 
410.419800 343.199158 5 
844.750671 873.064087 1 
785.347839 431.950806 3 
752.387573 255.821365 0 
467.612457 471.252502 6 
658.697815 364.038910 3 
389.272827 588.639832 6 
157.339401 907.734192 4 
403.039642 912.107605 2 
176.848129 891.257019 4 
924.114929 484.279114 3 
547.210388 803.475525 2 
340.893463 393.454437 6 
420.937531 612.843567 2 
417.970520 26.820114 5 
507.187073 828.390320 2 
370.019257 352.937744 6 
702.454407 156.367081 0 
784.888550 455.841919 3 
412.188446 253.500977 5 
927.094421 71.886284 0 
617.539856 317.367218 5 
660.526184 774.879272 2 
226.101425 64.565788 7 
687.986877 402.949524 3 
955.822754 613.101746 1 
887.228638 504.033173 3 
417.577301 229.122116 5 
897.487610 838.514832 1 
841.965637 316.458160 0 
865.334900 350.152771 0 
145.848465 236.354187 7 
703.090515 848.302856 1 
392.721252 488.979004 6 
305.144745 804.909729 4 
742.480042 233.239166 0 
876.796021 361.019867 3 
550.606384 538.322144 3 
136.899170 776.707764 4 
602.887939 824.885986 2 
180.657333 559.710693 6 
438.987762 68.885986 5 
64.743889 856.565063 4 
298.008087 962.231506 4 
696.079895 140.973724 0 
279.689667 562.414795 6 
491.126465 425.538116 3 
798.768982 195.216980 0 
274.840973 192.490234 7 
684.195984 579.985718 3 
997.399963 427.675995 3 
813.224915 875.195923 1 
788.695923 364.831299 3 
414.518066 925.595032 2 
142.539078 18.405989 7 
751.481018 323.196411 3 
578.116638 191.468811 5 
392.082428 642.860596 2 
49.033890 690.090515 4 
606.092102 745.113770 2 
831.064209 885.781799 1 
308.528564 323.190735 6 
312.319855 108.297569 7 
518.407715 587.160828 2 
300.787811 203.603699 7 
168.146591 299.187775 7 
631.279724 981.371521 2 
175.383713 420.975586 6 
347.202820 589.901733 6 
347.570618 489.741882 6 
608.307800 100.051666 5 
812.938293 187.424454 0 
291.520477 206.020737 7 
830.285034 340.554382 0 
896.111206 437.377106 3 
86.668144 728.175476 4 
324.158844 395.196716 6 
52.366207 636.478699 6 
503.494293 570.773926 2 
224.639587 804.282104 4 
774.377563 392.786163 3 
104.469879 406.657318 6 
375.157684 279.853577 5 
827.632874 722.360535 1 
869.755371 176.203522 0 
213.102402 479.063171 6 
276.255188 27.040709 7 
666.487610 567.775635 3 
233.061432 497.772614 6 
908.330078 130.172684 0 
935.149719 994.998169 1 
858.348145 260.308624 0 
391.194885 910.714355 2 
896.787354 894.689148 1 
482.488281 122.426964 5 
699.971313 257.865906 0 
515.213135 804.441162 2 
664.523254 890.370850 1 
85.294769 493.156097 6 
613.731384 955.050171 2 
669.359619 826.833740 1 
435.113281 945.614807 2 
853.874451 102.600906 0 
514.390503 87.935898 5 
600.373535 423.720520 3 
218.108566 536.523315 6 
419.718689 77.456718 5 
796.831909 810.913574 1 
988.171082 694.619263 1 
706.602783 471.659363 3 
817.046265 407.574066 3 
729.525208 333.259430 3 
213.015244 395.048462 6 
224.630264 298.310028 7 
888.204590 838.361633 1 
254.360184 558.564209 6 
666.195374 689.473450 2 
505.179047 521.069824 3 
792.074402 20.569500 0 
609.005798 393.447937 3 
444.290009 827.114319 2 
929.971191 864.008728 1 
904.571045 727.803162 1 
675.922241 893.742126 1 
423.422455 383.525055 6 
366.401459 241.468719 5 
791.099060 96.926727 0 
574.728149 5.114367 5 
491.975189 799.358398 2 
303.424408 381.179779 6 
638.720032 557.784607 3 
939.744019 305.915405 0 
248.258057 445.923004 6 
826.985291 41.332428 0 
466.492493 436.991028 6 
434.780334 910.782532 2 
265.105316 365.751556 6 
775.791199 170.676361 0 
94.554733 452.713470 6 
65.418480 517.977173 6 
836.238525 431.819946 3 
759.445923 628.337646 3 
528.746704 335.174072 5 
633.451965 21.721867 5 
135.532455 936.876404 4 
402.901642 774.252502 2 
495.660980 343.645630 5 
81.167923 743.919067 4 
789.568604 908.153198 1 
785.251465 257.061127 0 
346.144226 221.031799 5 
168.843643 611.249573 6 
586.783386 944.634827 2 
781.925903 681.338135 1 
398.348297 847.344360 2 
200.315308 235.586838 7 
280.164337 959.761169 4 
863.924438 808.911011 1 
295.935272 498.376465 6 
830.632874 431.467743 3 
436.252899 234.534515 5 
206.720230 931.913879 4 
578.180115 287.888153 5 
676.832886 368.748749 3 
197.041336 463.084351 6 
625.809875 543.185547 3 
684.116150 794.653503 1 
155.435089 271.899506 7 
740.288330 937.361023 1 
953.237610 139.636673 0 
785.705383 154.552902 0 
375.223511 66.869713 5 
115.314117 240.148010 7 
875.780701 411.249390 3 
738.524536 707.413574 1 
842.717163 175.777359 0 
941.948120 50.437328 0 
108.691216 521.128235 6 
338.325470 785.524109 2 
889.877014 535.366821 3 
249.608414 516.686829 6 
79.552376 933.724548 4 
312.340393 234.987457 7 
206.624039 53.628727 7 
173.348465 160.861649 7 
193.265396 959.053833 4 
315.414581 568.488953 6 
26.923542 430.728699 6 
808.636902 902.704224 1 
841.978088 548.161377 3 
611.117859 685.695190 2 
723.938782 554.065918 3 
736.132507 832.629944 1 
76.194214 75.457985 7 
619.154114 966.071228 2 
610.824829 868.762512 2 
483.758087 690.377136 2 
803.487000 796.098511 1 
925.364624 11.111088 0 
849.727173 99.713097 0 
171.972748 43.992592 7 
59.766930 487.387329 6 
612.481506 86.690468 5 
918.115967 422.118408 3 
989.394714 761.094055 1 
970.279846 601.512573 1 
447.789246 695.218567 2 
156.578568 184.921768 7 
528.848572 232.772766 5 
260.379730 149.002625 7 
199.843979 871.204529 4 
18.765114 683.602051 4 
562.581726 822.252136 2 
480.700531 488.946350 3 
833.363281 331.427734 0 
588.659485 6.335989 5 
375.420319 648.426392 2 
493.723297 987.901794 2 
735.116882 412.839325 3 
411.020233 725.511597 2 
174.933380 382.300049 6 
328.024200 622.722595 6 
78.518623 484.602753 6 
807.644409 607.367126 3 
717.375549 69.024132 0 
756.369812 917.219543 1 
940.228699 775.134888 1 
601.821533 503.810394 3 
598.387024 83.522095 5 
992.756775 432.750305 3 
414.949829 582.416260 6 
439.086273 790.370117 2 
231.842636 932.809631 4 
779.271973 966.959534 1 
346.648895 191.292160 5 
693.471130 521.582275 3 
573.592163 22.495296 5 
145.304901 652.110840 6 
507.098053 952.949280 2 
260.478027 225.473572 7 
22.973425 17.847811 7 
143.693085 963.202087 4 
792.982727 745.514648 1 
468.012512 392.369781 5 
829.036743 461.769287 3 
825.120117 244.986557 0 
45.185539 265.206390 7 
36.356674 277.028168 7 
199.015991 815.628601 4 
244.987671 545.664917 6 
7.920767 938.458801 4 
68.247169 581.513000 6 
960.954041 213.552078 0 
234.623825 469.052124 6 
167.501373 495.101837 6 
694.525757 190.474808 0 
512.949646 838.218811 2 
154.676910 306.932343 7 
584.733398 622.689392 2 
699.302124 414.770172 3 
85.458725 525.422241 6 
659.756714 130.644257 5 
790.628601 696.113403 1 
407.672424 989.644653 2 
512.742004 652.660156 2 
536.309509 520.662781 3 
592.118896 604.556702 3 
103.175751 554.072998 6 
818.108765 337.799591 0 
24.125097 985.610168 4 
832.901367 718.650818 1 
177.084946 346.851044 6 
557.869568 331.761841 5 
653.783386 143.602997 5 
954.451233 354.085571 0 
558.373169 40.909996 5 
879.507812 219.129883 0 
171.554260 671.136414 4 
915.243286 579.226685 3 
661.781067 428.985291 3 
232.886810 199.090561 7 
949.648071 825.005676 1 
803.647278 53.823822 0 
380.078674 622.756042 6 
391.623383 404.203796 6 
609.366211 225.524796 5 
123.854576 786.451111 4 
572.375854 681.724121 2 
119.212944 227.159241 7 
825.327148 74.664215 0 
581.244812 384.700287 3 
115.574211 461.752594 6 
603.830200 287.128479 5 
133.889023 520.073486 6 
866.355164 795.670044 1 
949.058777 100.241982 0 
994.760620 899.706848 1 
925.247681 799.407898 1 
953.530701 306.326355 0 
423.163910 346.154083 5 
710.530212 33.530090 0 
571.678833 834.384705 2 
819.981201 145.054688 0 
517.108887 939.194153 2 
372.213928 343.436035 6 
14.858357 953.458679 4 
728.136353 130.432556 0 
416.211304 332.966522 5 
417.561066 550.100281 6 
853.039978 284.916199 0 
346.770386 803.098755 2 
385.158203 342.531036 5 
703.805664 311.405884 3 
142.938904 658.336304 4 
617.732300 566.102844 3 
5.490369 329.262390 7 
599.632935 577.169250 3 
164.647125 420.614136 6 
722.223938 681.755981 1 
360.808258 95.437859 5 
26.192011 375.666626 6 
49.896576 754.328308 4 
506.099213 466.107880 3 
88.294830 923.660217 4 
17.208204 941.334778 4 
209.576431 363.978577 6 
745.433594 594.734619 3 
706.509583 450.239227 3 
906.140503 849.448547 1 
109.575531 524.872742 6 
416.551392 115.065903 5 
854.135132 17.184294 0 
692.235168 19.782295 0 
437.798431 415.459045 6 
701.538269 798.606689 1 
510.896912 727.730286 2 
175.273300 560.793457 6 
483.058624 681.372437 2 
27.901377 571.353455 6 
606.032776 45.109581 5 
513.688293 815.609131 2 
409.088196 260.121887 5 
411.343781 116.597778 5 
710.361145 318.484283 3 
966.046265 819.936646 1 
843.357056 383.597656 3 
935.002563 698.492188 1 
400.781982 628.237671 2 
718.274475 838.580383 1 
44.696735 420.812805 6 
638.187073 555.593628 3 
149.543106 813.460327 4 
117.387138 632.601746 6 
495.832855 145.288513 5 
204.955200 102.865578 7 
190.398102 718.643494 4 
918.474731 599.486267 1 
978.765381 330.818512 0 
716.084045 690.126465 1 
649.302795 683.130371 2 
511.063171 493.659851 3 
67.728012 447.065704 6 
193.152054 468.509949 6 
76.303398 911.426575 4 
308.090363 121.000130 7 
333.239349 946.277405 4 
676.593811 482.782471 3 
760.737793 793.980896 1 
116.384193 257.570618 7 
939.269409 321.339386 0 
360.436188 130.667526 5 
40.982899 279.910919 7 
730.153809 20.748287 0 
610.729492 447.237823 3 
710.874756 261.032257 0 
131.368179 222.937958 7 
754.692139 199.096176 0 
670.003662 947.844116 1 
667.606201 746.307068 1 
860.270691 975.696533 1 
867.307190 194.510040 0 
922.973877 544.900940 3 
677.292480 684.711670 1 
339.881897 793.676697 2 
942.282349 280.151306 0 
116.016083 303.718536 7 
410.818817 156.998978 5 
583.629456 141.972626 5 
177.747253 195.358917 7 
589.210449 888.622070 2 
456.391174 720.578674 2 
112.560013 212.083282 7 
919.674805 782.563660 1 
160.927444 588.281006 6 
529.870789 22.198133 5 
564.977539 398.177948 3 
216.708176 488.951416 6 
943.078918 894.000671 1 
174.663101 283.960785 7 
688.677307 117.945412 0 
564.112061 804.693481 2 
421.663910 974.930969 2 
961.692383 6.293379 0 
117.903564 140.439667 7 
201.652283 707.114014 4 
30.061735 658.043518 4 
428.692657 142.621765 5 
870.126709 349.367493 0 
925.185486 32.054176 0 
937.648499 456.056183 3 
54.252312 503.625946 6 
854.234070 270.960480 0 
992.577332 798.313049 1 
165.961151 168.240448 7 
83.273827 854.638550 4 
286.185852 647.385925 6 
660.331909 707.849792 2 
623.316895 623.024353 3 
714.143127 741.220398 1 
763.463989 915.795471 1 
449.334473 793.525757 2 
574.838867 878.027100 2 
936.147522 445.965637 3 
228.394592 862.332947 4 
478.019836 167.043045 5 
319.389130 532.272156 6 
670.669006 174.623245 0 
803.232666 664.246338 1 
972.936279 969.193787 1 
832.486755 57.210110 0 
824.832275 119.672638 0 
704.596069 486.164215 3 
827.522461 328.912903 0 
110.188553 542.665588 6 
71.133339 873.652588 4 
459.461029 520.467773 6 
668.178284 35.299934 0 
399.494904 605.325806 6 
481.265594 627.889526 2 
468.658752 959.285400 2 
794.932556 788.047852 1 
492.557587 466.601532 3 
962.671143 296.790222 0 
131.847885 936.607422 4 
266.984009 964.334656 4 
993.817505 92.816292 0 
85.007301 699.413513 4 
578.980469 912.529724 2 
29.326456 689.169067 4 
456.195312 100.459801 5 
563.821594 915.656311 2 
620.927551 232.999924 5 
950.956238 21.422516 0 
838.325745 433.221832 3 
649.312073 307.984497 3 
393.507263 445.244598 6 
97.032372 886.064880 4 
911.846130 60.703499 0 
183.855057 44.694000 7 
997.310913 450.839081 3 
10.028666 992.128418 4 
543.655396 95.035965 5 
692.541992 123.635857 0 
8.565690 721.868469 4 
812.804932 464.760986 3 
822.328247 377.626556 3 
381.417297 444.255829 6 
610.626465 333.373535 3 
465.678345 449.952209 6 
766.595337 115.990372 0 
757.936646 161.102646 0 
561.234924 854.969055 2 
48.167496 474.081055 6 
915.672546 232.022568 0 
518.775085 913.983521 2 
682.861633 528.803711 3 
907.111877 227.516983 0 
623.839661 600.653870 3 
351.152863 632.405334 6 
323.522308 164.957764 7 
98.166367 146.850555 7 
542.584290 479.583679 3 
591.106384 154.210754 5 
812.957153 57.784756 0 
604.162964 580.552612 3 
173.775131 363.099670 6 
741.655212 735.010132 1 
219.068741 789.822754 4 
210.091141 135.741302 7 
22.845278 728.866211 4 
50.724773 705.706909 4 
258.669922 957.836670 4 
933.223877 882.509644 1 
559.490540 285.376740 5 
515.915039 883.012878 2 
450.334503 614.081360 2 
30.863457 992.918762 4 
94.665070 621.969849 6 
148.129562 907.622314 4 
679.754639 752.292542 1 
489.174866 853.529724 2 
116.392174 231.830063 7 
589.539856 335.460907 5 
22.652781 799.630920 4 
471.202209 45.498055 5 
529.497192 521.927002 3 
751.204956 788.167114 1 
480.763641 685.428833 2 
671.676758 41.254223 0 
970.805603 188.591797 0 
924.267090 422.140106 3 
802.673218 955.130554 1 
416.058899 897.338257 2 
578.100403 564.188477 3 
805.960510 258.855042 0 
317.480988 296.135376 7 
113.384789 433.873138 6 
527.965454 702.924622 2 
769.334045 550.618225 3 
503.555542 241.536270 5 
596.116272 34.052746 5 
763.463196 348.321259 3 
822.219910 245.226898 0 
34.750114 494.896637 6 
286.481110 6.555708 7 
683.488403 211.748215 0 
428.695801 487.161621 6 
167.878799 844.754700 4 
385.499878 745.979248 2 
409.943146 192.460434 5 
5.834267 727.424133 4 
488.595825 119.219055 5 
162.297302 17.561279 7 
822.143677 931.631409 1 
568.179565 326.699219 5 
174.167633 165.295807 7 
360.751984 937.630859 2 
513.617065 183.971832 5 
183.857773 548.367188 6 
678.868469 470.338898 3 
554.922913 363.356873 5 
682.087097 983.618652 1 
850.518494 849.965881 1 
829.373413 237.018356 0 
596.945190 240.316574 5 
429.478790 602.779358 2 
967.740723 918.074585 1 
721.998413 131.038025 0 
935.635925 545.142090 3 
63.669407 504.815399 6 
871.841309 237.837051 0 
670.111267 233.593338 0 
176.467926 184.728302 7 
417.565155 360.325714 5 
733.095520 97.433617 0 
830.664612 289.018372 0 
460.790497 513.751709 6 
273.637085 312.308960 6 
364.717621 104.010490 5 
549.327332 961.662781 2 
344.327057 978.806152 4 
565.442200 313.067780 5 
897.880737 288.440643 0 
444.105804 834.516663 2 
833.582764 507.775208 3 
340.332062 706.424133 2 
745.612305 11.443295 0 
940.017395 922.080200 1 
196.171600 358.582581 6 
283.405884 929.267090 4 
456.016235 115.070488 5 
219.285477 916.806702 4 
628.822205 492.922577 3 
230.115646 993.539856 4 
596.933044 779.442993 2 
956.202576 941.260132 1 
759.249084 522.644775 3 
255.327881 658.129822 6 
811.085449 699.433716 1 
493.646484 645.668213 2 
208.208923 833.978516 4 
353.092285 953.821228 2 
845.421875 294.109741 0 
876.901428 42.593433 0 
652.692383 161.307281 5 
971.860474 109.708542 0 
276.377777 192.145996 7 
27.515238 905.199951 4 
685.068542 257.630890 0 
899.739807 283.001587 0 
38.073860 856.942383 4 
225.261703 797.322998 4 
380.587158 480.589600 6 
456.452789 192.672592 5 
181.023315 950.099304 4 
838.340759 389.232239 3 
785.077759 192.433075 0 
344.053436 631.499634 6 
486.542816 221.954803 5 
674.093079 140.235153 0 
383.262054 646.953613 2 
249.943695 659.639832 6 
839.099609 277.458923 0 
565.839783 525.168152 3 
535.089844 466.579559 3 
808.169739 573.163696 3 
324.521942 34.431431 7 
371.486664 705.109131 2 
515.020996 827.939453 2 
897.781738 696.044373 1 
779.038696 737.122437 1 
86.276581 565.116516 6 
929.555542 430.330017 3 
197.616135 417.098358 6 
652.284851 871.709229 2 
